source_images_idx,source_i,source_j,source_k,means,covs,label_frequency,perdict_frequency
0,0,0,0,"[[ -0.28884542  21.20593668  14.59902894  17.5796334  -14.81474782]
 [  0.           0.           0.           0.           0.        ]
 [  0.           0.           0.           0.           0.        ]
 [  0.           0.           0.           0.           0.        ]
 [  0.           0.           0.           0.           0.        ]]","[[[ 31.35080321 -16.11616954  17.41962343  -5.20135582   5.3693999 ]
  [-16.11616954  28.66117019   3.78375012  16.91509544  -7.46308207]
  [ 17.41962343   3.78375012  22.32411557   2.1686886   -0.4299421 ]
  [ -5.20135582  16.91509544   2.1686886   19.04083011  -8.28460824]
  [  5.3693999   -7.46308207  -0.4299421   -8.28460824   8.7117965 ]]

 [[ -0.          -0.          -0.          -0.          -0.        ]
  [ -0.          -0.          -0.          -0.          -0.        ]
  [ -0.          -0.          -0.          -0.          -0.        ]
  [ -0.          -0.          -0.          -0.          -0.        ]
  [ -0.          -0.          -0.          -0.          -0.        ]]

 [[ -0.          -0.          -0.          -0.          -0.        ]
  [ -0.          -0.          -0.          -0.          -0.        ]
  [ -0.          -0.          -0.          -0.          -0.        ]
  [ -0.          -0.          -0.          -0.          -0.        ]
  [ -0.          -0.          -0.          -0.          -0.        ]]

 [[ -0.          -0.          -0.          -0.          -0.        ]
  [ -0.          -0.          -0.          -0.          -0.        ]
  [ -0.          -0.          -0.          -0.          -0.        ]
  [ -0.          -0.          -0.          -0.          -0.        ]
  [ -0.          -0.          -0.          -0.          -0.        ]]

 [[ -0.          -0.          -0.          -0.          -0.        ]
  [ -0.          -0.          -0.          -0.          -0.        ]
  [ -0.          -0.          -0.          -0.          -0.        ]
  [ -0.          -0.          -0.          -0.          -0.        ]
  [ -0.          -0.          -0.          -0.          -0.        ]]]",[32754    14     0     0     0],[32754     0     0     0     0]
0,0,0,22,"[[ -0.92005889  21.12555145  13.36701663  17.18578546 -13.95047747]
 [  0.           0.           0.           0.           0.        ]
 [  0.           0.           0.           0.           0.        ]
 [  0.           0.           0.           0.           0.        ]
 [  0.           0.           0.           0.           0.        ]]","[[[20.16911369 -2.49768105 17.50818395  4.13029331 -3.72723297]
  [-2.49768105 28.79792243 18.15490618 11.65762488  2.29865872]
  [17.50818395 18.15490618 37.82988301  5.81524548 -3.47824752]
  [ 4.13029331 11.65762488  5.81524548 15.54395847 -2.44581439]
  [-3.72723297  2.29865872 -3.47824752 -2.44581439  6.63710809]]

 [[-0.         -0.         -0.         -0.         -0.        ]
  [-0.         -0.         -0.         -0.         -0.        ]
  [-0.         -0.         -0.         -0.         -0.        ]
  [-0.         -0.         -0.         -0.         -0.        ]
  [-0.         -0.         -0.         -0.         -0.        ]]

 [[-0.         -0.         -0.         -0.         -0.        ]
  [-0.         -0.         -0.         -0.         -0.        ]
  [-0.         -0.         -0.         -0.         -0.        ]
  [-0.         -0.         -0.         -0.         -0.        ]
  [-0.         -0.         -0.         -0.         -0.        ]]

 [[-0.         -0.         -0.         -0.         -0.        ]
  [-0.         -0.         -0.         -0.         -0.        ]
  [-0.         -0.         -0.         -0.         -0.        ]
  [-0.         -0.         -0.         -0.         -0.        ]
  [-0.         -0.         -0.         -0.         -0.        ]]

 [[-0.         -0.         -0.         -0.         -0.        ]
  [-0.         -0.         -0.         -0.         -0.        ]
  [-0.         -0.         -0.         -0.         -0.        ]
  [-0.         -0.         -0.         -0.         -0.        ]
  [-0.         -0.         -0.         -0.         -0.        ]]]",[32497   271     0     0     0],[32188     0     0     0     0]
0,0,0,44,"[[  0.73468843  21.55061436  14.19141706  18.42598704 -13.40388421]
 [  0.           0.           0.           0.           0.        ]
 [  0.           0.           0.           0.           0.        ]
 [  0.           0.           0.           0.           0.        ]
 [  0.           0.           0.           0.           0.        ]]","[[[13.7673884   2.49721752 16.08477675  2.66671408 -0.51676625]
  [ 2.49721752 37.49564056 21.23582304 18.58768214  6.81442898]
  [16.08477675 21.23582304 36.30839443  6.15832685 -1.10397004]
  [ 2.66671408 18.58768214  6.15832685 19.03305948  0.57526905]
  [-0.51676625  6.81442898 -1.10397004  0.57526905 11.71758105]]

 [[-0.         -0.         -0.         -0.         -0.        ]
  [-0.         -0.         -0.         -0.         -0.        ]
  [-0.         -0.         -0.         -0.         -0.        ]
  [-0.         -0.         -0.         -0.         -0.        ]
  [-0.         -0.         -0.         -0.         -0.        ]]

 [[-0.         -0.         -0.         -0.         -0.        ]
  [-0.         -0.         -0.         -0.         -0.        ]
  [-0.         -0.         -0.         -0.         -0.        ]
  [-0.         -0.         -0.         -0.         -0.        ]
  [-0.         -0.         -0.         -0.         -0.        ]]

 [[-0.         -0.         -0.         -0.         -0.        ]
  [-0.         -0.         -0.         -0.         -0.        ]
  [-0.         -0.         -0.         -0.         -0.        ]
  [-0.         -0.         -0.         -0.         -0.        ]
  [-0.         -0.         -0.         -0.         -0.        ]]

 [[-0.         -0.         -0.         -0.         -0.        ]
  [-0.         -0.         -0.         -0.         -0.        ]
  [-0.         -0.         -0.         -0.         -0.        ]
  [-0.         -0.         -0.         -0.         -0.        ]
  [-0.         -0.         -0.         -0.         -0.        ]]]",[32668   100     0     0     0],[32534     0     0     0     0]
0,0,0,66,"[[ -0.37759033  21.67076302  13.23663425  19.88057518 -15.58786106]
 [  0.           0.           0.           0.           0.        ]
 [  0.           0.           0.           0.           0.        ]
 [  0.           0.           0.           0.           0.        ]
 [  0.           0.           0.           0.           0.        ]]","[[[16.05426956 -5.58064056 10.37679468  2.31320505  0.21172032]
  [-5.58064056 30.4938392  13.66167838 12.19326996  1.27775049]
  [10.37679468 13.66167838 24.95165897  4.39775305 -2.3736623 ]
  [ 2.31320505 12.19326996  4.39775305 16.1036576  -2.54687805]
  [ 0.21172032  1.27775049 -2.3736623  -2.54687805 10.16108885]]

 [[-0.         -0.         -0.         -0.         -0.        ]
  [-0.         -0.         -0.         -0.         -0.        ]
  [-0.         -0.         -0.         -0.         -0.        ]
  [-0.         -0.         -0.         -0.         -0.        ]
  [-0.         -0.         -0.         -0.         -0.        ]]

 [[-0.         -0.         -0.         -0.         -0.        ]
  [-0.         -0.         -0.         -0.         -0.        ]
  [-0.         -0.         -0.         -0.         -0.        ]
  [-0.         -0.         -0.         -0.         -0.        ]
  [-0.         -0.         -0.         -0.         -0.        ]]

 [[-0.         -0.         -0.         -0.         -0.        ]
  [-0.         -0.         -0.         -0.         -0.        ]
  [-0.         -0.         -0.         -0.         -0.        ]
  [-0.         -0.         -0.         -0.         -0.        ]
  [-0.         -0.         -0.         -0.         -0.        ]]

 [[-0.         -0.         -0.         -0.         -0.        ]
  [-0.         -0.         -0.         -0.         -0.        ]
  [-0.         -0.         -0.         -0.         -0.        ]
  [-0.         -0.         -0.         -0.         -0.        ]
  [-0.         -0.         -0.         -0.         -0.        ]]]",[32768     0     0     0     0],[32768     0     0     0     0]
0,0,29,0,"[[ -6.04999743  15.61466442   5.13061101  12.94154863 -13.35083101]
 [-15.90336068  -1.30470443  -5.51007812  -0.62875236  -4.93665104]
 [  0.           0.           0.           0.           0.        ]
 [-10.50520861 -21.83412199   3.23161484 -15.45847371  10.91701457]
 [  0.           0.           0.           0.           0.        ]]","[[[ 21.96983907  -0.82563507  23.3881466   -9.69702983   9.00250074]
  [ -0.82563507  22.95032589  15.58464615  14.01057726 -12.71298771]
  [ 23.3881466   15.58464615  47.32045981 -11.45797734  -1.57442523]
  [ -9.69702983  14.01057726 -11.45797734  25.77642254 -12.13102535]
  [  9.00250074 -12.71298771  -1.57442523 -12.13102535  16.11565318]]

 [[ 16.84236505  -9.9661219   12.87100786 -15.92034902  12.96301287]
  [ -9.9661219   33.67699594 -18.54851322  38.8482888  -27.5541402 ]
  [ 12.87100786 -18.54851322  14.85452977 -24.85950332  17.44788728]
  [-15.92034902  38.8482888  -24.85950332  49.04433304 -33.23138616]
  [ 12.96301287 -27.5541402   17.44788728 -33.23138616  25.25846951]]

 [[ -0.          -0.          -0.          -0.          -0.        ]
  [ -0.          -0.          -0.          -0.          -0.        ]
  [ -0.          -0.          -0.          -0.          -0.        ]
  [ -0.          -0.          -0.          -0.          -0.        ]
  [ -0.          -0.          -0.          -0.          -0.        ]]

 [[  3.1812147   -1.3913154    1.58471664   0.52509201   1.30971509]
  [ -1.3913154    6.00723677  -1.5196159    1.94876876  -3.51365169]
  [  1.58471664  -1.5196159    0.9368065   -0.10074423   1.08200427]
  [  0.52509201   1.94876876  -0.10074423   1.00969935  -0.95972569]
  [  1.30971509  -3.51365169   1.08200427  -0.95972569   2.25164561]]

 [[ -0.          -0.          -0.          -0.          -0.        ]
  [ -0.          -0.          -0.          -0.          -0.        ]
  [ -0.          -0.          -0.          -0.          -0.        ]
  [ -0.          -0.          -0.          -0.          -0.        ]
  [ -0.          -0.          -0.          -0.          -0.        ]]]",[27621  4184     0   963     0],[26722  3000     0   589     0]
0,0,29,22,"[[ -3.54318669  15.71676919   3.60365469  15.7846984   -9.92493673]
 [-16.61229386  -5.85706784  -4.92595019  -3.40005885  -3.47698911]
 [  0.           0.           0.           0.           0.        ]
 [ -8.45587324 -27.27151931   7.32998064 -19.38719435  16.72351729]
 [  0.           0.           0.           0.           0.        ]]","[[[ 3.15453329e+01  1.68126991e+01  3.82381435e+01  2.47536694e+00
    7.82478352e+00]
  [ 1.68126991e+01  2.90920133e+01  3.21396716e+01  1.33425096e+01
   -2.48979753e+00]
  [ 3.82381435e+01  3.21396716e+01  6.41015102e+01 -2.46554314e+00
    6.49040406e+00]
  [ 2.47536694e+00  1.33425096e+01 -2.46554314e+00  2.25255957e+01
   -5.19651826e+00]
  [ 7.82478352e+00 -2.48979753e+00  6.49040406e+00 -5.19651826e+00
    5.76931435e+00]]

 [[ 2.29962677e+01  1.28184821e+01  8.21716468e+00  4.85624923e+00
    1.99290497e-02]
  [ 1.28184821e+01  6.98490038e+01 -1.63473501e+01  6.09937423e+01
   -4.31350379e+01]
  [ 8.21716468e+00 -1.63473501e+01  1.13348105e+01 -2.00417102e+01
    1.48610571e+01]
  [ 4.85624923e+00  6.09937423e+01 -2.00417102e+01  6.03657504e+01
   -4.08963977e+01]
  [ 1.99290497e-02 -4.31350379e+01  1.48610571e+01 -4.08963977e+01
    3.14929687e+01]]

 [[-0.00000000e+00 -0.00000000e+00 -0.00000000e+00 -0.00000000e+00
   -0.00000000e+00]
  [-0.00000000e+00 -0.00000000e+00 -0.00000000e+00 -0.00000000e+00
   -0.00000000e+00]
  [-0.00000000e+00 -0.00000000e+00 -0.00000000e+00 -0.00000000e+00
   -0.00000000e+00]
  [-0.00000000e+00 -0.00000000e+00 -0.00000000e+00 -0.00000000e+00
   -0.00000000e+00]
  [-0.00000000e+00 -0.00000000e+00 -0.00000000e+00 -0.00000000e+00
   -0.00000000e+00]]

 [[ 6.85337913e+01  5.61086388e+01  3.97668229e+01  2.86552237e+01
   -5.19762094e+00]
  [ 5.61086388e+01  8.06734563e+01  2.88528515e+01  3.73358291e+01
   -2.80471448e+01]
  [ 3.97668229e+01  2.88528515e+01  2.77267001e+01  1.17985487e+01
    3.85186097e-01]
  [ 2.86552237e+01  3.73358291e+01  1.17985487e+01  2.02512609e+01
   -1.24742765e+01]
  [-5.19762094e+00 -2.80471448e+01  3.85186097e-01 -1.24742765e+01
    1.73150970e+01]]

 [[-0.00000000e+00 -0.00000000e+00 -0.00000000e+00 -0.00000000e+00
   -0.00000000e+00]
  [-0.00000000e+00 -0.00000000e+00 -0.00000000e+00 -0.00000000e+00
   -0.00000000e+00]
  [-0.00000000e+00 -0.00000000e+00 -0.00000000e+00 -0.00000000e+00
   -0.00000000e+00]
  [-0.00000000e+00 -0.00000000e+00 -0.00000000e+00 -0.00000000e+00
   -0.00000000e+00]
  [-0.00000000e+00 -0.00000000e+00 -0.00000000e+00 -0.00000000e+00
   -0.00000000e+00]]]",[19192  8961     0  4615     0],[17780  6405     0  3466     0]
0,0,29,44,"[[ -1.65923448  15.26388135   7.15827732  14.84577604 -10.58256898]
 [-16.06227033  -3.85870806  -4.53998354  -3.2491945   -4.29323069]
 [  0.           0.           0.           0.           0.        ]
 [ -9.05743366 -21.92065747   4.93603702 -16.8855415   12.51519379]
 [  0.           0.           0.           0.           0.        ]]","[[[ 56.51122116  28.9444772   67.74343579  12.74658504   8.72053811]
  [ 28.9444772   29.33633458  37.14076943  25.25023538  -3.77918529]
  [ 67.74343579  37.14076943  98.40654246   4.21183139   6.6690089 ]
  [ 12.74658504  25.25023538   4.21183139  41.31608467  -8.95989742]
  [  8.72053811  -3.77918529   6.6690089   -8.95989742  10.16380561]]

 [[ 11.15642607   3.30503165   4.72268571  -0.69400094   3.83760474]
  [  3.30503165  39.76094022 -13.07409288  41.75553388 -28.90648196]
  [  4.72268571 -13.07409288   8.3485432  -17.76567256  13.12856297]
  [ -0.69400094  41.75553388 -17.76567256  50.02396032 -33.54735113]
  [  3.83760474 -28.90648196  13.12856297 -33.54735113  25.75678887]]

 [[ -0.          -0.          -0.          -0.          -0.        ]
  [ -0.          -0.          -0.          -0.          -0.        ]
  [ -0.          -0.          -0.          -0.          -0.        ]
  [ -0.          -0.          -0.          -0.          -0.        ]
  [ -0.          -0.          -0.          -0.          -0.        ]]

 [[ 43.41134112  55.7482021   18.90028319  29.67554151 -19.42641438]
  [ 55.7482021   96.81476993  22.45920421  47.54583977 -41.99851541]
  [ 18.90028319  22.45920421   8.66112938  11.96674421  -7.15434596]
  [ 29.67554151  47.54583977  11.96674421  24.07682112 -19.72952616]
  [-19.42641438 -41.99851541  -7.15434596 -19.72952616  20.31200422]]

 [[ -0.          -0.          -0.          -0.          -0.        ]
  [ -0.          -0.          -0.          -0.          -0.        ]
  [ -0.          -0.          -0.          -0.          -0.        ]
  [ -0.          -0.          -0.          -0.          -0.        ]
  [ -0.          -0.          -0.          -0.          -0.        ]]]",[25382  5566     0  1820     0],[24401  4116     0  1309     0]
0,0,29,66,"[[  0.7974979   20.4354657   13.63781647  19.69315384 -15.35009775]
 [  0.           0.           0.           0.           0.        ]
 [  0.           0.           0.           0.           0.        ]
 [  0.           0.           0.           0.           0.        ]
 [  0.           0.           0.           0.           0.        ]]","[[[38.78227923 -2.40206318 30.69861503  4.58652052  4.48290055]
  [-2.40206318 36.68926105 21.62584092 18.8273128  -4.97318558]
  [30.69861503 21.62584092 47.63456443 11.59633141 -4.19339615]
  [ 4.58652052 18.8273128  11.59633141 19.51280046 -5.23242974]
  [ 4.48290055 -4.97318558 -4.19339615 -5.23242974 12.5259472 ]]

 [[-0.         -0.         -0.         -0.         -0.        ]
  [-0.         -0.         -0.         -0.         -0.        ]
  [-0.         -0.         -0.         -0.         -0.        ]
  [-0.         -0.         -0.         -0.         -0.        ]
  [-0.         -0.         -0.         -0.         -0.        ]]

 [[-0.         -0.         -0.         -0.         -0.        ]
  [-0.         -0.         -0.         -0.         -0.        ]
  [-0.         -0.         -0.         -0.         -0.        ]
  [-0.         -0.         -0.         -0.         -0.        ]
  [-0.         -0.         -0.         -0.         -0.        ]]

 [[-0.         -0.         -0.         -0.         -0.        ]
  [-0.         -0.         -0.         -0.         -0.        ]
  [-0.         -0.         -0.         -0.         -0.        ]
  [-0.         -0.         -0.         -0.         -0.        ]
  [-0.         -0.         -0.         -0.         -0.        ]]

 [[-0.         -0.         -0.         -0.         -0.        ]
  [-0.         -0.         -0.         -0.         -0.        ]
  [-0.         -0.         -0.         -0.         -0.        ]
  [-0.         -0.         -0.         -0.         -0.        ]
  [-0.         -0.         -0.         -0.         -0.        ]]]",[32487   281     0     0     0],[32290     0     0     0     0]
0,0,58,0,"[[ -6.69250795  12.89748949  -1.5658918   14.92491122  -9.5956499 ]
 [-14.58076696  -4.79101497  -4.02338211  -2.96169021  -1.7104761 ]
 [  0.           0.           0.           0.           0.        ]
 [  2.3341753  -18.98029952  21.963522   -18.52596124  17.79042504]
 [  0.           0.           0.           0.           0.        ]]","[[[  18.40291508    1.96062677   19.62516083   -6.47106317    8.03590079]
  [   1.96062677    9.78497381    5.40493391    8.12230658   -4.15384276]
  [  19.62516083    5.40493391   23.56230602   -5.79871845    6.9978751 ]
  [  -6.47106317    8.12230658   -5.79871845   13.2874355    -7.98972014]
  [   8.03590079   -4.15384276    6.9978751    -7.98972014    6.75655893]]

 [[   7.71532911   11.36974038    1.11875721    5.70658043   -3.92943763]
  [  11.36974038   69.74978107  -10.39249857   45.75867552  -40.36574649]
  [   1.11875721  -10.39249857    4.34193955  -10.4833408     7.68095932]
  [   5.70658043   45.75867552  -10.4833408    37.65293678  -28.84475121]
  [  -3.92943763  -40.36574649    7.68095932  -28.84475121   25.71022002]]

 [[  -0.           -0.           -0.           -0.           -0.        ]
  [  -0.           -0.           -0.           -0.           -0.        ]
  [  -0.           -0.           -0.           -0.           -0.        ]
  [  -0.           -0.           -0.           -0.           -0.        ]
  [  -0.           -0.           -0.           -0.           -0.        ]]

 [[ 313.71053168  285.23596827  306.30946036  100.47273092  -29.45058223]
  [ 285.23596827  373.32016228  247.13839799  139.45917236 -102.85977349]
  [ 306.30946036  247.13839799  312.88812591   81.78573392   -7.84511177]
  [ 100.47273092  139.45917236   81.78573392   55.89478182  -42.12486668]
  [ -29.45058223 -102.85977349   -7.84511177  -42.12486668   56.02542693]]

 [[  -0.           -0.           -0.           -0.           -0.        ]
  [  -0.           -0.           -0.           -0.           -0.        ]
  [  -0.           -0.           -0.           -0.           -0.        ]
  [  -0.           -0.           -0.           -0.           -0.        ]
  [  -0.           -0.           -0.           -0.           -0.        ]]]",[14209  8515     0 10044     0],[12073  5994     0  9002     0]
0,0,58,22,"[[-6.97503105e+00  8.84751995e+00 -5.48923770e+00  1.49462874e+01
  -8.92916503e+00]
 [-1.58506703e+01 -8.68747783e+00 -3.97573106e+00 -5.04149971e+00
  -6.53408367e-03]
 [ 0.00000000e+00  0.00000000e+00  0.00000000e+00  0.00000000e+00
   0.00000000e+00]
 [ 2.81085536e+00 -1.41360885e+01  2.41856686e+01 -1.78004088e+01
   1.44178953e+01]
 [ 0.00000000e+00  0.00000000e+00  0.00000000e+00  0.00000000e+00
   0.00000000e+00]]","[[[ 6.60758642e+00 -2.99141725e-01  4.69479239e+00 -6.63636880e-01
    4.95636059e+00]
  [-2.99141725e-01  2.53123274e+00 -1.10876600e+00  4.37718860e+00
   -1.13672111e+00]
  [ 4.69479239e+00 -1.10876600e+00  3.91785914e+00 -2.17680099e+00
    3.67024493e+00]
  [-6.63636880e-01  4.37718860e+00 -2.17680099e+00  8.04020591e+00
   -2.50885432e+00]
  [ 4.95636059e+00 -1.13672111e+00  3.67024493e+00 -2.50885432e+00
    5.64002979e+00]]

 [[ 2.52344997e+01  5.31374044e+01  2.97376390e+00  2.64543050e+01
   -2.52705119e+01]
  [ 5.31374044e+01  1.55651336e+02 -3.53959807e+00  8.71934275e+01
   -8.34272584e+01]
  [ 2.97376390e+00 -3.53959807e+00  4.92218609e+00 -8.62179465e+00
    4.79308908e+00]
  [ 2.64543050e+01  8.71934275e+01 -8.62179465e+00  6.11212555e+01
   -5.06636763e+01]
  [-2.52705119e+01 -8.34272584e+01  4.79308908e+00 -5.06636763e+01
    4.80351880e+01]]

 [[-0.00000000e+00 -0.00000000e+00 -0.00000000e+00 -0.00000000e+00
   -0.00000000e+00]
  [-0.00000000e+00 -0.00000000e+00 -0.00000000e+00 -0.00000000e+00
   -0.00000000e+00]
  [-0.00000000e+00 -0.00000000e+00 -0.00000000e+00 -0.00000000e+00
   -0.00000000e+00]
  [-0.00000000e+00 -0.00000000e+00 -0.00000000e+00 -0.00000000e+00
   -0.00000000e+00]
  [-0.00000000e+00 -0.00000000e+00 -0.00000000e+00 -0.00000000e+00
   -0.00000000e+00]]

 [[ 2.59008322e+02  2.70516035e+02  2.70230595e+02  8.26465335e+01
   -5.71742779e+01]
  [ 2.70516035e+02  3.98962041e+02  2.36027028e+02  1.46395585e+02
   -1.42547651e+02]
  [ 2.70230595e+02  2.36027028e+02  3.18415237e+02  5.20216565e+01
   -2.63393483e+01]
  [ 8.26465335e+01  1.46395585e+02  5.20216565e+01  6.39051513e+01
   -6.17192501e+01]
  [-5.71742779e+01 -1.42547651e+02 -2.63393483e+01 -6.17192501e+01
    7.53154641e+01]]

 [[-0.00000000e+00 -0.00000000e+00 -0.00000000e+00 -0.00000000e+00
   -0.00000000e+00]
  [-0.00000000e+00 -0.00000000e+00 -0.00000000e+00 -0.00000000e+00
   -0.00000000e+00]
  [-0.00000000e+00 -0.00000000e+00 -0.00000000e+00 -0.00000000e+00
   -0.00000000e+00]
  [-0.00000000e+00 -0.00000000e+00 -0.00000000e+00 -0.00000000e+00
   -0.00000000e+00]
  [-0.00000000e+00 -0.00000000e+00 -0.00000000e+00 -0.00000000e+00
   -0.00000000e+00]]]",[ 5918  8304     0 18546     0],[ 4127  5814     0 17063     0]
0,0,58,44,"[[ -3.63628946  14.30554295   3.26261193  15.94678142 -10.70067115]
 [-15.30142724  -3.33524825  -4.33313074  -2.63996459  -3.64966965]
 [  0.           0.           0.           0.           0.        ]
 [ -2.74906967 -22.12174667  13.71018847 -18.56539008  18.31820725]
 [  0.           0.           0.           0.           0.        ]]","[[[ 15.31967155   6.98931871  17.16202628   2.02428764   3.48206112]
  [  6.98931871  19.01920634  20.68531265   7.90787332  -4.78583056]
  [ 17.16202628  20.68531265  41.47917028  -5.7833189   -0.62197311]
  [  2.02428764   7.90787332  -5.7833189   20.64597574  -4.67942127]
  [  3.48206112  -4.78583056  -0.62197311  -4.67942127   5.92266974]]

 [[ 17.07083543   3.34302377   6.34848193   1.21836957   4.67284039]
  [  3.34302377  30.2746067  -10.37880633  32.74497328 -22.50726456]
  [  6.34848193 -10.37880633   8.23661894 -14.62326006  11.47089384]
  [  1.21836957  32.74497328 -14.62326006  41.44337043 -26.63513681]
  [  4.67284039 -22.50726456  11.47089384 -26.63513681  20.37768001]]

 [[ -0.          -0.          -0.          -0.          -0.        ]
  [ -0.          -0.          -0.          -0.          -0.        ]
  [ -0.          -0.          -0.          -0.          -0.        ]
  [ -0.          -0.          -0.          -0.          -0.        ]
  [ -0.          -0.          -0.          -0.          -0.        ]]

 [[176.10247229 131.01719171 172.8080594   41.51307961  18.66181486]
  [131.01719171 179.13867262 115.88988693  64.74605878 -40.6602196 ]
  [172.8080594  115.88988693 183.02253061  29.01882021  29.02908504]
  [ 41.51307961  64.74605878  29.01882021  27.62974827 -19.54018935]
  [ 18.66181486 -40.6602196   29.02908504 -19.54018935  39.26267462]]

 [[ -0.          -0.          -0.          -0.          -0.        ]
  [ -0.          -0.          -0.          -0.          -0.        ]
  [ -0.          -0.          -0.          -0.          -0.        ]
  [ -0.          -0.          -0.          -0.          -0.        ]
  [ -0.          -0.          -0.          -0.          -0.        ]]]",[18648  7317     0  6803     0],[17498  5418     0  5893     0]
0,0,58,66,"[[  0.81854331  17.15812726  12.33317673  19.18148878 -18.27171667]
 [-11.41404978   4.28133392  -6.28540675   3.80508931  -7.02315585]
 [  0.           0.           0.           0.           0.        ]
 [  0.           0.           0.           0.           0.        ]
 [  0.           0.           0.           0.           0.        ]]","[[[ 3.43390507e+01  1.59490403e+01  3.79129788e+01  1.29855422e+01
    5.04888050e-01]
  [ 1.59490403e+01  2.50899202e+01  2.98826170e+01  1.47835916e+01
   -2.96822870e+00]
  [ 3.79129788e+01  2.98826170e+01  5.88525394e+01  1.70739484e+01
   -8.73508623e+00]
  [ 1.29855422e+01  1.47835916e+01  1.70739484e+01  1.78755402e+01
   -5.83860941e+00]
  [ 5.04888050e-01 -2.96822870e+00 -8.73508623e+00 -5.83860941e+00
    1.76762377e+01]]

 [[ 8.30243981e-03  8.12958926e-04  3.37463762e-03  2.22498052e-03
    4.58525960e-03]
  [ 8.12958926e-04  4.67406275e-03  1.07129847e-03 -3.46806861e-04
    6.19980848e-03]
  [ 3.37463762e-03  1.07129847e-03  1.49113094e-03  8.13319125e-04
    2.79106603e-03]
  [ 2.22498052e-03 -3.46806861e-04  8.13319125e-04  6.65675068e-04
    5.22015178e-04]
  [ 4.58525960e-03  6.19980848e-03  2.79106603e-03  5.22015178e-04
    9.73058266e-03]]

 [[-0.00000000e+00 -0.00000000e+00 -0.00000000e+00 -0.00000000e+00
   -0.00000000e+00]
  [-0.00000000e+00 -0.00000000e+00 -0.00000000e+00 -0.00000000e+00
   -0.00000000e+00]
  [-0.00000000e+00 -0.00000000e+00 -0.00000000e+00 -0.00000000e+00
   -0.00000000e+00]
  [-0.00000000e+00 -0.00000000e+00 -0.00000000e+00 -0.00000000e+00
   -0.00000000e+00]
  [-0.00000000e+00 -0.00000000e+00 -0.00000000e+00 -0.00000000e+00
   -0.00000000e+00]]

 [[-0.00000000e+00 -0.00000000e+00 -0.00000000e+00 -0.00000000e+00
   -0.00000000e+00]
  [-0.00000000e+00 -0.00000000e+00 -0.00000000e+00 -0.00000000e+00
   -0.00000000e+00]
  [-0.00000000e+00 -0.00000000e+00 -0.00000000e+00 -0.00000000e+00
   -0.00000000e+00]
  [-0.00000000e+00 -0.00000000e+00 -0.00000000e+00 -0.00000000e+00
   -0.00000000e+00]
  [-0.00000000e+00 -0.00000000e+00 -0.00000000e+00 -0.00000000e+00
   -0.00000000e+00]]

 [[-0.00000000e+00 -0.00000000e+00 -0.00000000e+00 -0.00000000e+00
   -0.00000000e+00]
  [-0.00000000e+00 -0.00000000e+00 -0.00000000e+00 -0.00000000e+00
   -0.00000000e+00]
  [-0.00000000e+00 -0.00000000e+00 -0.00000000e+00 -0.00000000e+00
   -0.00000000e+00]
  [-0.00000000e+00 -0.00000000e+00 -0.00000000e+00 -0.00000000e+00
   -0.00000000e+00]
  [-0.00000000e+00 -0.00000000e+00 -0.00000000e+00 -0.00000000e+00
   -0.00000000e+00]]]",[32033   735     0     0     0],[31462    48     0     0     0]
0,0,86,0,"[[ -7.20386024   8.30727769  -3.84611714  11.36429229  -7.83864843]
 [-12.22948275  -6.48568525  -2.51915859  -3.93500445   0.70287694]
 [  0.           0.           0.           0.           0.        ]
 [ -7.33292121 -37.52213285  15.48077768 -26.43028661  28.34926581]
 [  0.           0.           0.           0.           0.        ]]","[[[ 6.25082938e+00 -1.81958114e+00  5.31370766e+00 -3.60019456e+00
    3.89237873e+00]
  [-1.81958114e+00  3.31470091e+00 -2.23729123e+00  5.34943573e+00
   -1.86829573e+00]
  [ 5.31370766e+00 -2.23729123e+00  5.17540410e+00 -4.98570426e+00
    3.77309216e+00]
  [-3.60019456e+00  5.34943573e+00 -4.98570426e+00  1.04626792e+01
   -4.02404722e+00]
  [ 3.89237873e+00 -1.86829573e+00  3.77309216e+00 -4.02404722e+00
    3.22797657e+00]]

 [[ 7.83142287e+00  2.04214904e+01  7.44992432e-01  1.01256646e+01
   -1.21504289e+01]
  [ 2.04214904e+01  8.41294195e+01 -3.86146900e-01  4.17887653e+01
   -5.21097204e+01]
  [ 7.44992432e-01 -3.86146900e-01  1.71764257e+00 -1.88545487e+00
    6.93805602e-01]
  [ 1.01256646e+01  4.17887653e+01 -1.88545487e+00  2.39557749e+01
   -2.63156177e+01]
  [-1.21504289e+01 -5.21097204e+01  6.93805602e-01 -2.63156177e+01
    3.26758457e+01]]

 [[-0.00000000e+00 -0.00000000e+00 -0.00000000e+00 -0.00000000e+00
   -0.00000000e+00]
  [-0.00000000e+00 -0.00000000e+00 -0.00000000e+00 -0.00000000e+00
   -0.00000000e+00]
  [-0.00000000e+00 -0.00000000e+00 -0.00000000e+00 -0.00000000e+00
   -0.00000000e+00]
  [-0.00000000e+00 -0.00000000e+00 -0.00000000e+00 -0.00000000e+00
   -0.00000000e+00]
  [-0.00000000e+00 -0.00000000e+00 -0.00000000e+00 -0.00000000e+00
   -0.00000000e+00]]

 [[ 2.28550250e+02  3.52101005e+02  2.00294845e+02  1.23443624e+02
   -1.12792784e+02]
  [ 3.52101005e+02  7.26723062e+02  2.60062860e+02  2.71718518e+02
   -3.09435012e+02]
  [ 2.00294845e+02  2.60062860e+02  1.94849831e+02  8.23306230e+01
   -6.12575871e+01]
  [ 1.23443624e+02  2.71718518e+02  8.23306230e+01  1.09087212e+02
   -1.23091408e+02]
  [-1.12792784e+02 -3.09435012e+02 -6.12575871e+01 -1.23091408e+02
    1.58306396e+02]]

 [[-0.00000000e+00 -0.00000000e+00 -0.00000000e+00 -0.00000000e+00
   -0.00000000e+00]
  [-0.00000000e+00 -0.00000000e+00 -0.00000000e+00 -0.00000000e+00
   -0.00000000e+00]
  [-0.00000000e+00 -0.00000000e+00 -0.00000000e+00 -0.00000000e+00
   -0.00000000e+00]
  [-0.00000000e+00 -0.00000000e+00 -0.00000000e+00 -0.00000000e+00
   -0.00000000e+00]
  [-0.00000000e+00 -0.00000000e+00 -0.00000000e+00 -0.00000000e+00
   -0.00000000e+00]]]",[ 9639  9787     0 13342     0],[ 6147  4861     0 11671     0]
0,0,86,22,"[[ -4.47164108  11.87155113  -0.25294583  15.1721473   -9.2341478 ]
 [-15.08850054  -7.43977048  -4.03823285  -3.8959406   -0.21492615]
 [  0.           0.           0.           0.           0.        ]
 [  0.08197339 -29.09700698  21.84965788 -22.50200092  22.95469543]
 [  0.           0.           0.           0.           0.        ]]","[[[ 3.29628950e+01  9.25477546e+00  3.78814676e+01 -4.86244744e+00
    1.00286346e+01]
  [ 9.25477546e+00  7.68665141e+00  1.12207662e+01  5.08639794e+00
    6.74756206e-02]
  [ 3.78814676e+01  1.12207662e+01  4.54082974e+01 -7.02136644e+00
    1.13423877e+01]
  [-4.86244744e+00  5.08639794e+00 -7.02136644e+00  1.20449657e+01
   -5.59579842e+00]
  [ 1.00286346e+01  6.74756206e-02  1.13423877e+01 -5.59579842e+00
    5.46437658e+00]]

 [[ 1.31815177e+01  2.42826995e+01  1.92712444e+00  1.26480876e+01
   -1.19125552e+01]
  [ 2.42826995e+01  1.09649113e+02 -7.20847339e+00  6.56365654e+01
   -6.69559608e+01]
  [ 1.92712444e+00 -7.20847339e+00  4.01588116e+00 -8.91058970e+00
    5.87479558e+00]
  [ 1.26480876e+01  6.56365654e+01 -8.91058970e+00  4.79045356e+01
   -4.13184668e+01]
  [-1.19125552e+01 -6.69559608e+01  5.87479558e+00 -4.13184668e+01
    4.26122933e+01]]

 [[-0.00000000e+00 -0.00000000e+00 -0.00000000e+00 -0.00000000e+00
   -0.00000000e+00]
  [-0.00000000e+00 -0.00000000e+00 -0.00000000e+00 -0.00000000e+00
   -0.00000000e+00]
  [-0.00000000e+00 -0.00000000e+00 -0.00000000e+00 -0.00000000e+00
   -0.00000000e+00]
  [-0.00000000e+00 -0.00000000e+00 -0.00000000e+00 -0.00000000e+00
   -0.00000000e+00]
  [-0.00000000e+00 -0.00000000e+00 -0.00000000e+00 -0.00000000e+00
   -0.00000000e+00]]

 [[ 3.87858285e+02  4.87628477e+02  3.79746168e+02  1.78087009e+02
   -1.39206056e+02]
  [ 4.87628477e+02  8.25163702e+02  4.19162103e+02  3.14091618e+02
   -3.31545327e+02]
  [ 3.79746168e+02  4.19162103e+02  3.95551463e+02  1.44811999e+02
   -9.28860087e+01]
  [ 1.78087009e+02  3.14091618e+02  1.44811999e+02  1.26332830e+02
   -1.31437739e+02]
  [-1.39206056e+02 -3.31545327e+02 -9.28860087e+01 -1.31437739e+02
    1.68027729e+02]]

 [[-0.00000000e+00 -0.00000000e+00 -0.00000000e+00 -0.00000000e+00
   -0.00000000e+00]
  [-0.00000000e+00 -0.00000000e+00 -0.00000000e+00 -0.00000000e+00
   -0.00000000e+00]
  [-0.00000000e+00 -0.00000000e+00 -0.00000000e+00 -0.00000000e+00
   -0.00000000e+00]
  [-0.00000000e+00 -0.00000000e+00 -0.00000000e+00 -0.00000000e+00
   -0.00000000e+00]
  [-0.00000000e+00 -0.00000000e+00 -0.00000000e+00 -0.00000000e+00
   -0.00000000e+00]]]",[11300  9285     0 12183     0],[ 9181  6142     0 11034     0]
0,0,86,44,"[[ -1.39579071  17.88113075   8.78474277  18.15851625 -13.4192129 ]
 [-13.12559261  -2.37832052  -4.26446282  -1.07603215  -3.35814854]
 [  0.           0.           0.           0.           0.        ]
 [ -4.75704848 -21.42319728   7.06601354 -15.83802954  14.69272644]
 [  0.           0.           0.           0.           0.        ]]","[[[ 57.54779584  15.6195167   71.48853026  -6.20189961  12.98050184]
  [ 15.6195167   31.17084706  33.0625947   24.33970173 -11.6483388 ]
  [ 71.48853026  33.0625947  107.78616176  -5.35487298   3.87066615]
  [ -6.20189961  24.33970173  -5.35487298  37.79304156 -14.25817752]
  [ 12.98050184 -11.6483388    3.87066615 -14.25817752  17.72998503]]

 [[  8.2912299   -2.29961579   5.82688168  -6.97009136   5.46168553]
  [ -2.29961579  26.38605415  -9.58977709  26.11135325 -19.60102731]
  [  5.82688168  -9.58977709   7.44987797 -14.21753783   9.51508679]
  [ -6.97009136  26.11135325 -14.21753783  33.19831898 -22.02111314]
  [  5.46168553 -19.60102731   9.51508679 -22.02111314  16.81455557]]

 [[ -0.          -0.          -0.          -0.          -0.        ]
  [ -0.          -0.          -0.          -0.          -0.        ]
  [ -0.          -0.          -0.          -0.          -0.        ]
  [ -0.          -0.          -0.          -0.          -0.        ]
  [ -0.          -0.          -0.          -0.          -0.        ]]

 [[ 64.52523244  76.42482504  44.27400612  29.83874598 -15.73134639]
  [ 76.42482504 136.21423411  48.59280225  51.74161202 -46.79384318]
  [ 44.27400612  48.59280225  30.97276455  18.89007095  -8.40413397]
  [ 29.83874598  51.74161202  18.89007095  19.92478434 -17.50433392]
  [-15.73134639 -46.79384318  -8.40413397 -17.50433392  21.47723582]]

 [[ -0.          -0.          -0.          -0.          -0.        ]
  [ -0.          -0.          -0.          -0.          -0.        ]
  [ -0.          -0.          -0.          -0.          -0.        ]
  [ -0.          -0.          -0.          -0.          -0.        ]
  [ -0.          -0.          -0.          -0.          -0.        ]]]",[26310  4088     0  2370     0],[25262  2841     0  1870     0]
0,0,86,66,"[[ -1.92049754  20.54706257  14.46435799  16.8518515  -18.3100391 ]
 [  0.           0.           0.           0.           0.        ]
 [  0.           0.           0.           0.           0.        ]
 [  0.           0.           0.           0.           0.        ]
 [  0.           0.           0.           0.           0.        ]]","[[[26.73512291 -5.60245244 14.98557075  1.1068671   7.61957827]
  [-5.60245244 35.37598954 19.18520362 19.79741909 -6.72440022]
  [14.98557075 19.18520362 33.17390146  8.70361733 -7.85129573]
  [ 1.1068671  19.79741909  8.70361733 18.47958242 -2.00366904]
  [ 7.61957827 -6.72440022 -7.85129573 -2.00366904 16.00748577]]

 [[-0.         -0.         -0.         -0.         -0.        ]
  [-0.         -0.         -0.         -0.         -0.        ]
  [-0.         -0.         -0.         -0.         -0.        ]
  [-0.         -0.         -0.         -0.         -0.        ]
  [-0.         -0.         -0.         -0.         -0.        ]]

 [[-0.         -0.         -0.         -0.         -0.        ]
  [-0.         -0.         -0.         -0.         -0.        ]
  [-0.         -0.         -0.         -0.         -0.        ]
  [-0.         -0.         -0.         -0.         -0.        ]
  [-0.         -0.         -0.         -0.         -0.        ]]

 [[-0.         -0.         -0.         -0.         -0.        ]
  [-0.         -0.         -0.         -0.         -0.        ]
  [-0.         -0.         -0.         -0.         -0.        ]
  [-0.         -0.         -0.         -0.         -0.        ]
  [-0.         -0.         -0.         -0.         -0.        ]]

 [[-0.         -0.         -0.         -0.         -0.        ]
  [-0.         -0.         -0.         -0.         -0.        ]
  [-0.         -0.         -0.         -0.         -0.        ]
  [-0.         -0.         -0.         -0.         -0.        ]
  [-0.         -0.         -0.         -0.         -0.        ]]]",[32737    31     0     0     0],[32737     0     0     0     0]
0,29,0,0,"[[ -0.67986504  19.02712268  12.04336473  13.51771917 -10.59119554]
 [-12.08341017  -0.1669141   -2.79141696  -1.90686819  -5.48153531]
 [  0.           0.           0.           0.           0.        ]
 [  0.           0.           0.           0.           0.        ]
 [  0.           0.           0.           0.           0.        ]]","[[[ 3.82296634e+01  1.98925408e+01  4.42154967e+01  1.00545938e+01
    3.54934962e+00]
  [ 1.98925408e+01  2.60761358e+01  3.43775408e+01  1.18342108e+01
   -6.51961723e-01]
  [ 4.42154967e+01  3.43775408e+01  7.32462748e+01  1.90663644e+00
    1.56300846e+00]
  [ 1.00545938e+01  1.18342108e+01  1.90663644e+00  2.38070445e+01
   -3.12432493e+00]
  [ 3.54934962e+00 -6.51961723e-01  1.56300846e+00 -3.12432493e+00
    6.24336950e+00]]

 [[ 3.32006836e+00  5.31739361e-01  9.13813132e-01  6.89904334e-02
    9.22964607e-01]
  [ 5.31739361e-01  6.79088610e+00 -4.03160033e+00  9.71451347e+00
   -4.22501201e+00]
  [ 9.13813132e-01 -4.03160033e+00  3.04077658e+00 -6.26173318e+00
    2.99200104e+00]
  [ 6.89904334e-02  9.71451347e+00 -6.26173318e+00  1.54718389e+01
   -5.75475141e+00]
  [ 9.22964607e-01 -4.22501201e+00  2.99200104e+00 -5.75475141e+00
    3.48207973e+00]]

 [[-0.00000000e+00 -0.00000000e+00 -0.00000000e+00 -0.00000000e+00
   -0.00000000e+00]
  [-0.00000000e+00 -0.00000000e+00 -0.00000000e+00 -0.00000000e+00
   -0.00000000e+00]
  [-0.00000000e+00 -0.00000000e+00 -0.00000000e+00 -0.00000000e+00
   -0.00000000e+00]
  [-0.00000000e+00 -0.00000000e+00 -0.00000000e+00 -0.00000000e+00
   -0.00000000e+00]
  [-0.00000000e+00 -0.00000000e+00 -0.00000000e+00 -0.00000000e+00
   -0.00000000e+00]]

 [[-0.00000000e+00 -0.00000000e+00 -0.00000000e+00 -0.00000000e+00
   -0.00000000e+00]
  [-0.00000000e+00 -0.00000000e+00 -0.00000000e+00 -0.00000000e+00
   -0.00000000e+00]
  [-0.00000000e+00 -0.00000000e+00 -0.00000000e+00 -0.00000000e+00
   -0.00000000e+00]
  [-0.00000000e+00 -0.00000000e+00 -0.00000000e+00 -0.00000000e+00
   -0.00000000e+00]
  [-0.00000000e+00 -0.00000000e+00 -0.00000000e+00 -0.00000000e+00
   -0.00000000e+00]]

 [[-0.00000000e+00 -0.00000000e+00 -0.00000000e+00 -0.00000000e+00
   -0.00000000e+00]
  [-0.00000000e+00 -0.00000000e+00 -0.00000000e+00 -0.00000000e+00
   -0.00000000e+00]
  [-0.00000000e+00 -0.00000000e+00 -0.00000000e+00 -0.00000000e+00
   -0.00000000e+00]
  [-0.00000000e+00 -0.00000000e+00 -0.00000000e+00 -0.00000000e+00
   -0.00000000e+00]
  [-0.00000000e+00 -0.00000000e+00 -0.00000000e+00 -0.00000000e+00
   -0.00000000e+00]]]",[30360  2084     0   324     0],[29703  1199     0     0     0]
0,29,0,22,"[[ -3.10034979  15.87532071   4.97168112  17.34405405 -12.88885279]
 [-19.28038839  -2.59195722  -5.64810768  -1.07370254  -7.38306712]
 [  0.           0.           0.           0.           0.        ]
 [-13.53326781 -17.20817189   3.36993615 -16.49311358   9.48245816]
 [  0.           0.           0.           0.           0.        ]]","[[[ 59.81878923  -2.82861199  63.53724198 -24.88011682  23.20101844]
  [ -2.82861199  30.70096852   4.89305728  31.33515764 -10.43370499]
  [ 63.53724198   4.89305728  81.93213453 -28.19094802  14.39678105]
  [-24.88011682  31.33515764 -28.19094802  50.13148542 -15.67992396]
  [ 23.20101844 -10.43370499  14.39678105 -15.67992396  21.05526363]]

 [[ 72.51890196  -7.47817801  38.78559178 -31.60694775  36.9584349 ]
  [ -7.47817801  69.61401683 -35.1243147   79.28824081 -43.71530276]
  [ 38.78559178 -35.1243147   35.82664428 -52.89080982  36.68665929]
  [-31.60694775  79.28824081 -52.89080982 101.90657949 -60.31025724]
